function [landraces, anthocyanins] = dbAnthocyanins()

landraces = {'P-55','B';'P-61','B'};
anthocyanins = [3.41872459338818,3.57520948935992,3.67834392549964,3.71128075902173;
    4.35675943349099,4.54402801937382,4.49713651801824,4.59947952059964];

end
